001   45
002   45
003   30
004   30
005   45
006   45
007   54
008   54
009   54
010   18
011   27
012   54
013   54
014   54
015   18
016   45
017   45
018   30
019   30
020   45
021   45
022   54
023   54
024   54
025   54
026   54
027   54
028   18
029   18
030   18
031   45
032   54
033   54
034   54
035   54
036   54
037   54
038   18
039   18
040   18
041   18
042   18
043   18
044   18
045   18
046   27
047   27
048   27
049   45
050   45
051   45
052   12
053   15
054   30
055   48
056   15
057   30
058   48
059   30
060   48
061   30
062   48
063   30
064   48
065   30
066   48
067   42
068   42
069   54
070   54
071   54
072   54
073   54
074   54
075   54
076   54
077   54
078   54
079   54
080   54
081   54
082   36
083   54
084   54
085   54
086   45
087   27
088   27
089   54
090   54
091   27
092   27
093   54
094   54
095   54
096   54
097   54
098   54
099   54
100   54
