333
335
769
560
917
943
172
472
472
500
833
280
380
280
280
560
560
560
560
560
560
560
560
560
560
303
303
833
833
833
560
986
806
817
782
876
780
730
921
894
433
579
894
727
1028
854
896
736
896
845
720
782
843
731
1005
832
769
725
472
280
472
1000
500
500
597
675
558
675
567
338
604
664
308
312
630
308
995
664
620
675
655
447
509
454
664
567
833
606
560
537
500
500
500
833
0
806
806
782
780
854
896
843
597
597
597
597
597
597
558
567
567
567
567
308
308
308
308
664
620
620
620
620
620
664
664
664
664
500
329
560
560
500
590
500
616
822
822
822
500
500
0
1062
896
0
833
0
0
769
571
0
0
0
0
0
448
465
0
900
620
560
333
833
0
560
0
0
500
500
1000
250
806
806
896
1123
965
500
1000
481
481
280
280
833
0
560
769
167
606
315
315
656
656
500
280
280
481
1319
806
780
806
780
780
433
433
433
433
896
896
0
896
843
843
843
308
500
500
500
500
500
500
500
500
500
500
