389
350
769
560
917
943
181
477
477
500
833
280
343
280
280
560
560
560
560
560
560
560
560
560
560
303
303
833
833
833
602
986
792
817
782
851
771
731
912
894
444
558
854
727
1007
854
896
736
896
822
720
782
843
755
1028
832
779
741
477
280
477
1000
500
500
597
650
558
675
572
373
581
664
337
361
648
337
997
664
620
675
653
486
509
442
664
567
833
606
572
537
500
500
500
833
0
792
792
782
771
854
896
843
597
597
597
597
597
597
558
572
572
572
572
337
337
337
337
664
620
620
620
620
620
664
664
664
664
500
329
560
560
500
590
500
617
822
822
822
500
500
0
1049
896
0
833
0
0
748
602
0
0
0
0
0
448
465
0
889
620
602
389
833
0
560
0
0
500
500
1000
250
792
792
896
1132
949
500
1000
516
516
280
280
833
0
572
779
167
606
315
315
656
656
500
280
280
516
1319
792
771
792
771
771
444
444
444
444
896
896
0
896
843
843
843
337
500
500
500
500
500
500
500
500
500
500


















