394
335
769
544
917
914
172
463
463
500
833
272
338
272
287
544
544
544
544
544
544
544
544
544
544
296
296
833
833
833
521
986
792
769
759
824
759
696
856
875
435
528
812
675
951
828
833
691
833
775
694
685
833
721
991
815
703
727
463
287
463
1000
500
500
664
597
564
666
544
351
593
647
396
356
655
343
935
664
606
675
626
475
478
392
664
606
859
630
630
502
500
500
500
833
0
792
792
759
759
828
833
833
664
664
664
664
664
664
564
544
544
544
544
396
396
396
396
664
606
606
606
606
606
664
664
664
664
500
329
544
544
500
590
500
646
822
822
822
500
500
0
1065
833
0
833
0
0
683
571
0
0
0
0
0
498
455
0
914
606
521
394
833
0
544
0
0
461
461
1000
250
792
792
833
1120
955
500
1000
509
509
272
272
833
0
630
703
167
606
301
301
669
669
500
272
272
509
1319
792
759
792
759
759
435
435
435
435
833
833
0
833
833
833
833
396
500
500
500
500
500
500
500
500
500
500






































