333
474
556
556
889
722
238
333
333
389
584
278
333
278
278
556
556
556
556
556
556
556
556
556
556
333
333
584
584
584
611
975
722
722
722
722
667
611
778
722
278
556
722
611
833
722
778
667
778
722
667
611
722
667
944
667
667
611
333
278
333
584
556
333
556
611
556
611
556
333
611
611
278
278
556
278
889
611
611
611
611
389
556
333
611
556
778
556
556
500
389
280
389
584
0
722
722
722
667
722
778
722
556
556
556
556
556
556
556
556
556
556
556
278
278
278
278
611
611
611
611
611
611
611
611
611
611
556
400
556
556
556
350
556
611
737
737
1000
333
333
0
1000
778
0
584
0
0
556
611
0
0
0
0
0
370
365
0
889
611
611
333
584
0
556
0
0
556
556
1000
250
722
722
778
1000
944
556
1000
500
500
278
278
584
0
556
667
167
556
333
333
611
611
556
278
278
500
1000
722
667
722
667
667
278
278
278
278
778
778
0
778
722
722
722
278
333
333
333
333
333
333
333
333
333
333














