334
519
668
668
1000
741
296
315
315
463
600
334
407
334
426
668
668
668
668
668
668
668
668
668
668
334
334
600
600
600
574
800
722
741
759
778
704
630
778
759
333
611
759
611
944
759
796
704
796
741
667
648
759
648
963
741
667
685
407
426
407
600
500
278
630
648
593
648
630
389
630
648
315
315
611
315
963
648
630
648
648
444
556
407
648
556
870
556
556
556
407
222
407
600
0
722
722
759
704
759
796
759
630
630
630
630
630
630
593
630
630
630
630
315
315
315
315
648
630
630
630
630
630
648
648
648
648
667
400
668
668
667
500
620
648
800
800
1000
278
278
0
1056
796
0
600
0
0
668
648
0
0
0
0
0
378
378
0
944
630
574
334
600
0
668
0
0
444
444
1000
250
722
722
796
1130
963
500
1000
519
519
296
296
600
0
556
667
167
668
241
241
704
704
667
334
296
519
1167
722
704
722
704
704
333
333
333
333
796
796
0
796
759
759
759
315
278
278
278
278
278
278
278
278
278
278



























