271
555
668
490
927
760
278
427
427
490
667
271
375
271
281
490
490
490
490
490
490
490
490
490
490
271
271
667
667
667
427
930
698
646
542
698
646
594
646
760
375
490
740
594
813
646
646
594
646
698
490
594
698
646
969
698
646
646
427
281
427
581
500
333
490
490
427
490
427
323
490
542
271
323
542
271
813
542
490
490
490
375
375
323
542
469
698
490
490
427
394
566
394
667
0
698
698
542
646
646
646
698
490
490
490
490
490
490
427
427
427
427
427
271
271
271
271
542
490
490
490
490
490
542
542
542
542
490
400
427
490
542
350
540
490
747
747
1000
333
333
0
969
646
0
668
0
0
646
556
0
0
0
0
0
323
323
0
760
490
427
271
667
0
500
0
0
490
490
1000
250
698
698
646
969
760
500
1000
490
490
271
271
668
0
490
646
177
667
281
281
542
542
490
271
271
490
969
698
646
698
646
646
375
375
375
375
646
646
0
646
698
698
698
271
333
333
333
333
333
333
333
333
333
333















