323
420
668
490
927
813
214
490
490
490
667
271
323
323
281
490
490
490
490
490
490
490
490
490
490
323
323
667
667
667
375
920
760
698
646
760
698
698
646
813
490
594
813
646
969
813
646
698
646
698
594
698
813
760
969
813
813
646
490
281
490
422
500
333
490
427
375
490
375
323
427
490
323
323
490
271
760
542
427
542
427
354
375
271
542
427
646
490
438
375
480
527
480
667
0
760
760
646
698
813
646
813
490
490
490
490
490
490
375
375
375
375
375
323
323
323
323
542
427
427
427
427
427
542
542
542
542
542
400
490
490
594
350
453
542
760
760
980
333
333
0
969
646
0
667
0
0
813
500
0
0
0
0
0
323
281
0
646
427
375
323
667
0
490
0
0
490
490
1000
250
760
760
646
969
646
500
1000
490
490
271
271
668
0
438
813
83
667
292
292
542
542
542
323
271
490
969
760
698
760
698
698
490
490
490
490
646
646
0
646
813
813
813
323
333
333
333
333
333
333
333
333
333
333
















