271
406
667
500
823
771
177
333
333
500
667
271
333
271
281
500
500
500
500
500
500
500
500
500
500
271
271
668
667
668
385
917
771
667
719
823
667
667
823
823
385
438
823
667
990
823
771
604
771
771
552
667
823
719
990
771
771
667
271
281
271
469
500
333
500
552
438
552
438
333
500
552
271
271
552
271
823
552
552
552
552
385
385
333
552
500
719
500
500
438
479
198
479
542
0
771
771
719
667
823
771
823
500
500
500
500
500
500
438
438
438
438
438
271
271
271
271
552
552
552
552
552
552
552
552
552
552
500
396
438
500
385
354
448
552
760
760
979
333
333
0
1000
771
0
667
0
0
500
521
0
0
0
0
0
313
344
0
667
552
385
271
667
0
500
0
0
500
500
1000
250
771
771
771
1000
719
500
1000
500
500
271
271
668
0
500
771
333
500
271
271
552
552
500
271
333
500
1000
771
667
771
667
667
385
385
385
385
771
771
0
771
823
823
823
271
333
333
333
333
333
333
333
333
333
333
CorrectPage
%%EndDocument
end
endp
%%Trailer
end
%%EOF












