271
552
667
500
875
719
281
500
500
500
667
271
333
271
281
500
500
500
500
500
500
500
500
500
500
333
333
667
667
667
385
927
719
667
719
771
667
604
719
823
385
500
719
667
990
771
771
667
771
719
604
667
771
719
990
719
719
719
500
281
500
573
500
333
500
500
438
500
438
333
500
500
271
271
552
271
771
500
500
500
500
385
385
333
500
438
667
552
500
438
396
219
396
573
0
719
719
719
667
771
771
771
500
500
500
500
500
500
438
438
438
438
438
271
271
271
271
500
500
500
500
500
500
500
500
500
500
552
396
438
500
604
354
542
500
750
750
1000
333
333
0
1000
771
0
667
0
0
500
594
0
0
0
0
0
313
313
0
604
500
385
271
667
0
500
0
0
500
500
1000
250
719
719
771
1000
604
500
1000
500
500
271
271
668
0
500
719
281
500
333
333
552
552
552
271
333
500
1083
719
667
719
667
667
385
385
385
385
771
771
0
771
771
771
771
271
333
333
333
333
333
333
333
333
333
333
CorrectPage
%%EndDocument
end
endp
%%Trailer
end
%%EOF





