271
354
584
542
680
625
188
323
323
417
584
219
323
219
281
500
500
500
500
500
500
500
500
500
500
219
219
584
584
584
333
1010
667
563
708
750
500
469
740
729
250
250
656
490
781
781
823
510
823
604
458
604
708
604
1042
708
604
646
333
281
333
469
500
333
427
500
438
510
479
250
427
500
219
219
479
219
771
500
552
500
500
396
385
333
500
438
719
500
438
417
333
260
333
584
0
667
667
708
500
781
823
708
427
427
427
427
427
427
438
479
479
479
479
219
219
219
219
500
552
552
552
552
552
500
500
500
500
490
396
438
531
406
354
542
500
740
740
1000
333
333
0
896
823
0
584
0
0
552
552
0
0
0
0
0
281
365
0
667
552
333
271
584
0
552
0
0
490
490
1000
250
667
667
823
917
833
500
1000
427
427
219
219
584
0
438
604
198
552
313
313
500
500
490
260
219
427
1010
667
500
667
500
500
250
250
250
250
823
823
0
823
708
708
708
219
333
333
333
333
333
333
333
333
333
333
CorrectPage
%%EndDocument
end
endp
%%Trailer
end
%%EOF





