271
479
584
542
719
750
240
385
385
469
584
271
333
271
281
552
552
552
552
552
552
552
552
552
552
271
271
584
584
584
375
979
781
698
771
802
635
604
813
833
333
333
719
615
885
844
875
656
875
677
604
719
823
719
1167
813
708
698
438
281
438
584
500
333
531
583
500
583
552
302
542
583
271
271
552
271
958
583
594
583
583
448
427
406
583
510
781
552
510
521
385
281
385
584
0
781
781
771
635
844
875
823
531
531
531
531
531
531
500
552
552
552
552
271
271
271
271
583
594
594
594
594
594
583
583
583
583
510
396
500
521
521
354
552
604
740
740
1000
333
333
0
1073
875
0
584
0
0
552
615
0
0
0
0
0
354
396
0
781
594
375
271
584
0
552
0
0
594
594
1000
250
781
781
875
1094
875
500
1000
563
563
271
271
584
0
510
708
219
552
323
323
594
594
510
271
271
563
1083
781
635
781
635
635
333
333
333
333
875
875
0
875
823
823
823
271
333
333
333
333
333
333
333
333
333
333
CorrectPage
%%EndDocument
end
endp
%%Trailer
end
%%EOF




