250
354
584
500
708
688
188
292
292
448
584
198
250
198
281
521
521
521
521
521
521
521
521
521
521
198
198
584
584
584
354
1010
521
510
552
656
510
417
604
698
240
240
563
417
813
688
656
448
656
531
458
510
635
510
927
667
490
583
333
281
333
469
500
333
469
469
385
469
438
271
427
469
188
188
458
188
740
469
448
490
469
313
354
281
469
375
615
427
375
458
333
260
333
584
0
521
521
552
510
688
656
635
469
469
469
469
469
469
385
438
438
438
438
188
188
188
188
469
448
448
448
448
448
469
469
469
469
479
396
385
469
490
354
542
500
740
740
1000
333
333
0
833
656
0
584
0
0
552
552
0
0
0
0
0
313
302
0
646
448
354
250
584
0
552
0
0
438
438
1000
250
521
521
656
969
719
500
1000
406
406
198
198
584
0
375
490
208
552
229
229
479
479
458
260
198
406
1010
521
510
521
510
510
240
240
240
240
656
656
0
656
635
635
635
188
333
333
333
333
333
333
333
333
333
333
CorrectPage
%%EndDocument
end
endp
%%Trailer
end
%%EOF


