260
479
584
490
719
729
240
344
344
479
584
260
344
260
281
531
531
531
531
531
531
531
531
531
531
260
260
584
584
584
323
979
625
635
688
750
583
490
740
792
302
302
646
531
948
781
833
583
833
646
521
619
750
552
948
677
563
635
375
281
375
583
500
333
552
542
469
542
510
333
490
552
260
260
509
260
823
552
563
583
552
365
375
365
552
458
729
531
490
458
385
281
385
584
0
625
625
688
583
781
833
750
552
552
552
552
552
552
469
510
510
510
510
260
260
260
260
552
563
563
563
563
563
552
552
552
552
531
396
469
542
552
354
552
552
740
740
1000
333
333
0
990
833
0
584
0
0
552
615
0
0
0
0
0
365
375
0
688
563
323
260
584
0
552
0
0
542
542
1000
250
625
625
833
1052
792
500
1000
490
490
260
260
584
0
490
563
188
552
271
271
583
583
510
260
260
490
1083
625
583
625
583
583
302
302
302
302
833
833
0
833
750
750
750
260
333
333
333
333
333
333
333
333
333
333
CorrectPage
%%EndDocument
end
endp
%%Trailer
end
%%EOF



