333
333
556
556
889
722
278
278
278
444
606
278
333
278
278
556
556
556
556
556
556
556
556
556
556
278
278
606
606
606
389
800
667
611
667
778
500
500
778
778
278
278
611
500
889
778
833
556
833
611
500
556
778
667
1000
611
611
611
333
500
333
606
500
333
500
556
500
556
500
278
500
556
278
278
500
278
833
556
556
556
556
333
389
278
556
500
778
500
500
500
333
333
333
606
0
667
667
667
500
778
833
778
500
500
500
500
500
500
500
500
500
500
500
278
278
278
278
556
556
556
556
556
556
556
556
556
556
500
400
556
556
500
606
800
556
750
750
950
333
333
549
833
833
713
606
549
549
556
556
494
713
823
549
274
324
340
768
778
556
389
333
606
549
556
549
612
500
500
1000
250
667
667
833
1000
889
500
1000
444
444
278
278
606
494
500
611
167
556
333
333
556
556
500
278
278
444
1000
667
500
667
500
500
278
278
278
278
833
833
790
833
778
778
778
278
333
333
333
333
333
333
333
333
333
333
CorrectPage
%%EndDocument
end
endp
%%Trailer
end
%%EOF



