259
333
464
464
630
593
222
296
296
464
600
232
259
232
259
464
464
464
464
464
464
464
464
464
464
232
232
600
600
600
464
800
464
464
464
464
370
370
464
464
204
464
464
370
667
500
464
464
464
464
464
426
464
464
704
464
464
370
296
278
296
600
500
204
426
426
426
426
426
259
426
426
204
204
426
204
630
426
426
426
426
426
426
296
426
426
667
426
426
333
333
222
333
600
0
464
464
464
370
500
464
464
426
426
426
426
426
426
426
426
426
426
426
204
204
204
204
426
426
426
426
426
426
426
426
426
426
426
400
464
464
426
500
620
426
800
800
1000
204
204
0
667
464
0
600
0
0
464
426
0
0
0
0
0
256
256
0
630
426
464
259
600
0
464
0
0
370
370
1000
250
464
464
464
630
630
500
1000
426
426
204
204
600
0
426
464
130
464
204
204
463
463
426
232
204
426
759
464
370
464
370
370
204
204
204
204
464
464
0
464
464
464
464
204
204
204
204
204
204
204
204
204
204
204
CorrectPage
%%EndDocument
end
endp
showpage
%%Trailer
end
%%EOF


