259
426
556
556
1000
630
278
259
259
352
600
278
389
278
333
556
556
556
556
556
556
556
556
556
556
278
278
600
600
600
556
800
648
685
722
704
611
574
759
722
259
519
667
556
871
722
760
648
760
685
648
574
722
611
926
611
648
611
259
333
259
600
500
222
537
593
537
593
537
296
574
556
222
222
519
222
853
556
574
593
593
333
500
315
556
500
758
518
500
480
333
222
333
600
0
648
648
722
611
722
760
722
537
537
537
537
537
537
537
537
537
537
537
222
222
222
222
556
574
574
574
574
574
556
556
556
556
556
400
556
556
556
500
600
556
800
800
990
222
222
0
926
760
0
600
0
0
556
556
0
0
0
0
0
378
384
0
870
574
556
259
600
0
556
0
0
463
463
1000
250
648
648
760
1074
891
500
1000
426
426
278
278
600
0
500
648
167
556
259
259
518
518
556
278
278
426
1148
648
611
648
611
611
259
259
259
259
760
760
0
760
722
722
722
222
222
222
222
222
222
222
222
222
222
222
CorrectPage
%%EndDocument
end
endp
showpage
%%Trailer
end
%%EOF











