278
463
556
556
1000
685
278
296
296
407
600
278
407
278
371
556
556
556
556
556
556
556
556
556
556
278
278
600
600
600
556
800
685
704
741
741
648
593
759
741
295
556
722
593
907
741
778
667
778
722
649
611
741
630
944
667
667
648
333
371
333
600
500
259
574
611
574
611
574
333
611
593
258
278
574
258
906
593
611
611
611
389
537
352
593
520
814
537
519
519
333
223
333
600
0
685
685
741
648
741
778
741
574
574
574
574
574
574
574
574
574
574
574
258
258
258
258
593
611
611
611
611
611
593
593
593
593
556
400
556
556
556
501
620
611
800
800
1000
259
259
0
981
778
0
600
0
0
556
593
0
0
0
0
0
344
367
0
907
611
556
278
600
0
556
0
0
444
444
1000
250
685
685
778
1093
926
500
1000
463
463
278
278
600
0
519
667
167
556
241
241
611
611
556
278
278
463
1147
685
648
685
648
648
295
295
295
295
778
778
0
778
741
741
741
258
259
259
259
259
259
259
259
259
259
259
CorrectPage
%%EndDocument
end
endp
showpage
%%Trailer
end
%%EOF







