340
660
660
660
860
860
440
460
460
480
620
340
320
340
520
660
660
660
660
660
660
660
660
660
660
340
340
620
620
620
600
740
780
720
660
740
680
640
720
800
380
620
800
640
960
760
680
660
660
740
600
640
720
740
960
800
760
620
340
560
340
620
500
340
600
580
500
600
540
420
560
660
320
280
640
320
960
660
560
620
600
520
520
400
640
640
840
660
640
540
280
620
280
620
0
780
780
660
680
760
680
720
600
600
600
600
600
600
500
540
540
540
540
320
320
320
320
660
560
560
560
560
560
640
640
640
640
660
400
660
660
660
600
660
640
840
840
920
340
440
0
1060
660
0
620
0
0
660
640
0
0
0
0
0
440
440
0
880
560
600
340
620
0
660
0
0
340
340
1000
250
780
780
680
1040
940
500
1000
520
520
320
320
620
0
640
760
60
660
220
220
640
640
660
340
340
520
1260
780
680
780
680
680
380
380
380
380
680
680
0
680
720
720
720
320
500
460
460
520
260
300
340
420
340
500
CorrectPage
%%EndDocument
end
endp
showpage
%%Trailer
end
%%EOF
