333
333
611
611
833
833
222
389
389
500
600
305
333
305
278
611
611
611
611
611
611
611
611
611
611
305
305
600
600
600
500
800
778
722
667
778
722
667
778
833
389
556
833
667
944
833
778
667
833
778
611
667
778
778
1000
833
778
611
389
278
389
600
500
333
556
556
500
611
500
389
667
667
333
333
667
333
944
667
556
611
611
500
500
389
667
556
833
667
611
500
389
222
389
600
0
778
778
667
722
833
778
778
556
556
556
556
556
556
500
500
500
500
500
333
333
333
333
667
556
556
556
556
556
667
667
667
667
611
400
611
611
611
500
600
611
800
800
990
333
333
0
1000
778
0
600
0
0
611
667
0
0
0
0
0
334
334
0
778
556
500
333
600
0
611
0
0
500
500
1000
250
778
778
778
1000
889
500
1000
444
444
222
222
600
0
611
778
167
611
278
278
667
667
611
305
222
444
1000
778
722
778
722
722
389
389
389
389
778
778
0
778
778
778
778
333
333
333
333
333
333
333
333
333
333
333



















