278
426
480
480
759
574
240
259
259
370
600
240
352
240
296
480
480
480
480
480
480
480
480
480
480
240
240
600
600
600
463
800
519
537
519
556
481
463
537
556
222
444
519
444
722
574
556
500
556
537
519
463
537
481
741
500
481
463
278
296
278
600
500
222
463
481
444
481
463
278
481
481
222
222
463
222
740
481
463
481
481
315
426
278
481
426
685
426
426
407
278
222
278
600
0
519
519
519
481
574
556
537
463
463
463
463
463
463
444
463
463
463
463
222
222
222
222
481
463
463
463
463
463
481
481
481
481
482
400
480
480
481
500
600
481
800
800
1000
222
222
0
741
556
0
600
0
0
480
481
0
0
0
0
0
316
316
0
704
463
463
278
600
0
480
0
0
407
407
1000
250
519
519
556
796
722
500
1000
426
426
240
240
600
0
426
481
167
480
240
240
500
500
482
240
240
426
1056
519
481
519
481
481
222
222
222
222
556
556
0
556
537
537
537
222
222
222
222
222
222
222
222
222
222
222
CorrectPage
%%EndDocument
end
endp
%%Trailer
end
%%EOF


































