241
370
556
556
889
611
278
241
241
352
600
278
370
278
333
556
556
556
556
556
556
556
556
556
556
278
278
600
600
600
537
800
630
667
704
685
593
537
741
704
222
500
648
537
833
704
741
630
741
667
630
556
685
593
907
574
611
574
241
333
241
600
500
185
519
574
519
574
519
259
556
537
185
185
500
185
833
537
556
574
574
315
481
296
537
463
741
481
463
463
333
222
333
600
0
630
630
704
593
704
741
685
519
519
519
519
519
519
519
519
519
519
519
185
185
185
185
537
556
556
556
556
556
537
537
537
537
556
400
556
556
556
500
600
537
800
800
990
185
185
0
907
741
0
600
0
0
556
537
0
0
0
0
0
311
334
0
870
556
537
241
600
0
556
0
0
426
426
1000
250
630
630
741
1074
889
500
1000
370
370
278
278
600
0
463
611
167
556
259
259
444
444
556
278
278
370
1111
630
593
630
593
593
222
222
222
222
741
741
0
741
685
685
685
185
185
185
185
185
185
185
185
185
185
185
CorrectPage
%%EndDocument
end
endp
showpage
%%Trailer
end
%%EOF


