334
481
520
520
778
630
260
315
315
408
600
260
370
260
352
520
520
520
520
520
520
520
520
520
520
260
260
600
600
600
500
800
574
574
537
574
500
481
556
574
278
500
574
463
778
593
574
556
574
574
537
480
556
537
778
556
536
481
333
352
333
600
500
260
500
519
481
519
481
296
519
519
260
260
519
260
796
519
500
519
519
370
463
315
519
481
741
481
481
463
333
222
333
600
0
574
574
537
500
593
574
556
500
500
500
500
500
500
481
481
481
481
481
260
260
260
260
519
500
500
500
500
500
519
519
519
519
520
400
520
520
519
500
600
537
800
800
990
260
260
0
796
574
0
600
0
0
520
519
0
0
0
0
0
325
325
0
741
500
500
334
600
0
520
0
0
444
444
1000
250
574
574
574
778
741
500
1000
481
481
260
260
600
0
481
536
167
520
260
260
556
556
520
260
260
481
1111
574
500
574
500
500
278
278
278
278
574
574
0
574
556
556
556
260
260
260
260
260
260
260
260
260
260
260


















